82.68 130.13 0.862 0.0495 0.486
75.69 62.82 1.051 0.0776 0.132
78.29 134.75 0.359 0.0735 0.111
56.41 106.56 0.835 0.0997 0.172
123.52 67.32 0.799 0.0865 0.201
125.03 86.73 1.833 0.0626 0.349
136.06 137.33 1.412 0.0563 0.12
120.8 66.42 0.671 0.0502 0.437
84.49 90.35 0.782 0.0533 0.159
115.66 86.16 1.2 0.0874 0.48
143.18 85.3 0.562 0.0753 0.386
70.41 103.74 0.1 0.0532 0.271
86.35 127.63 1.264 0.0954 0.306
139.25 103.0 0.344 0.0896 0.355
74.16 102.05 1.164 0.0686 0.341
146.21 73.59 1.457 0.0334 0.481
133.77 122.52 0.329 0.0488 0.204
69.1 101.37 1.563 0.0445 0.242
135.74 70.7 0.426 0.0749 0.421
97.13 103.95 1.809 0.0492 0.487
63.12 61.8 1.679 0.0848 0.468
89.14 147.39 0.139 0.0524 0.289
145.37 104.8 1.426 0.0961 0.171
135.47 137.86 0.592 0.0588 0.317
126.49 110.34 0.334 0.0917 0.133
132.91 60.94 1.294 0.066 0.398
56.84 116.7 1.453 0.0607 0.191
113.01 57.43 0.375 0.0265 0.4
109.22 68.15 0.214 0.08 0.103
149.41 135.57 0.905 0.057 0.288
65.72 84.36 0.831 0.0392 0.246
60.6 75.73 1.813 0.0429 0.477
112.3 71.57 0.913 0.0228 0.12
118.83 88.51 0.589 0.0972 0.254
132.63 64.62 0.224 0.0232 0.444
82.83 65.34 0.469 0.0843 0.376
50.44 66.1 0.482 0.086 0.131
107.96 105.37 0.7 0.0322 0.294
131.71 66.87 0.573 0.0831 0.371
95.54 99.8 1.119 0.0467 0.108
93.67 97.32 1.41 0.0764 0.427
72.51 50.31 0.832 0.0533 0.265
51.28 147.05 1.942 0.0254 0.335
69.54 143.81 1.542 0.0326 0.198
137.03 142.95 0.686 0.0739 0.391
125.42 140.78 1.784 0.0813 0.373
124.63 138.92 0.753 0.0798 0.363
61.84 58.2 0.721 0.0744 0.414
146.1 70.1 1.969 0.0647 0.181
120.67 71.3 1.157 0.0831 0.387
98.39 117.73 0.735 0.0217 0.174
60.69 92.2 0.437 0.0174 0.111
143.67 67.09 1.512 0.0445 0.367
131.46 52.48 0.456 0.0107 0.37
54.43 54.86 0.481 0.028 0.381
145.25 76.15 1.491 0.0584 0.175
88.78 56.3 1.138 0.0213 0.174
119.18 98.1 0.962 0.0328 0.175
133.3 67.54 0.107 0.0211 0.431
118.83 95.14 0.506 0.0106 0.383
119.02 119.51 1.025 0.0608 0.185
67.33 59.39 0.44 0.0424 0.185
91.31 107.72 0.167 0.0622 0.418
149.88 77.5 1.236 0.0356 0.258
50.4 61.61 0.837 0.0489 0.16
108.37 119.72 1.377 0.0109 0.461
55.14 73.18 1.084 0.0428 0.484
102.39 92.78 1.138 0.0504 0.168
133.82 144.51 1.141 0.032 0.265
69.64 122.16 1.448 0.0844 0.355
57.73 93.63 0.762 0.0944 0.19
76.89 140.52 1.078 0.0968 0.155
110.68 88.09 1.811 0.031 0.107
90.42 92.1 1.945 0.0278 0.243
111.06 50.87 0.603 0.0993 0.189
103.14 142.52 1.331 0.0454 0.324
96.22 53.35 1.825 0.0879 0.163
104.54 103.83 1.099 0.0628 0.395
125.2 52.38 1.056 0.0812 0.109
127.52 97.69 0.352 0.0971 0.381
113.12 135.78 0.149 0.0258 0.129
69.52 74.07 1.611 0.0774 0.149
53.21 94.38 1.35 0.0892 0.203
77.7 107.62 0.402 0.0299 0.296
117.99 86.52 1.975 0.0793 0.311
130.79 72.24 1.078 0.071 0.192
142.52 61.24 1.653 0.059 0.196
58.85 125.4 1.459 0.06 0.467
70.2 148.91 1.603 0.0105 0.45
94.58 76.22 1.393 0.0647 0.298
86.6 52.25 1.528 0.0548 0.35
84.88 109.21 0.419 0.0335 0.308
77.33 129.43 1.483 0.0626 0.408
57.84 144.16 0.725 0.0493 0.444
109.69 77.67 0.537 0.0106 0.346
133.8 56.29 1.78 0.078 0.419
65.83 101.61 1.577 0.016 0.282
105.76 111.57 0.162 0.0735 0.298
113.55 138.32 1.177 0.0898 0.492
77.67 87.77 1.481 0.0999 0.201
84.31 63.5 1.196 0.0776 0.126
127.09 87.49 0.425 0.099 0.42
59.03 146.28 1.121 0.0687 0.282
109.89 105.7 1.108 0.091 0.287
143.88 75.28 0.443 0.059 0.309
98.52 105.63 0.49 0.0299 0.299
146.93 149.47 0.38 0.0696 0.18
134.57 55.01 0.107 0.0388 0.298
94.22 130.29 1.974 0.0699 0.138
50.17 110.68 1.992 0.0887 0.442
110.94 60.03 0.991 0.0522 0.171
116.97 58.75 1.213 0.029 0.206
67.58 110.82 1.964 0.0458 0.31
121.35 62.47 0.195 0.082 0.493
104.51 53.64 1.981 0.0634 0.23
88.81 86.41 1.357 0.0525 0.369
110.03 68.61 1.037 0.0413 0.159
139.62 66.28 1.376 0.0958 0.36
140.47 71.18 1.918 0.0907 0.203
143.52 137.85 1.284 0.0324 0.176
75.24 67.0 0.231 0.0265 0.469
122.67 66.33 1.95 0.0662 0.464
70.81 108.99 1.634 0.0962 0.335
69.43 116.81 0.759 0.0637 0.485
71.47 69.9 1.026 0.0233 0.44
89.31 114.8 1.601 0.0653 0.149
142.28 130.45 0.469 0.0692 0.35
55.9 122.19 1.072 0.0634 0.113
142.86 97.53 1.951 0.0305 0.109
149.07 56.51 0.489 0.0741 0.421
149.81 94.6 1.13 0.0438 0.277
130.24 69.42 0.42 0.0806 0.142
120.29 149.34 1.786 0.0815 0.484
114.37 76.41 1.798 0.0112 0.266
100.32 61.87 0.196 0.067 0.339
132.0 140.38 0.189 0.0168 0.408
143.08 140.46 0.739 0.0589 0.179
94.78 63.09 1.313 0.07 0.366
149.66 103.54 1.263 0.0641 0.234
126.47 118.56 1.043 0.0428 0.208
103.89 64.61 0.528 0.0648 0.408
115.67 136.82 0.849 0.0761 0.331
106.44 98.84 1.126 0.028 0.103
71.49 113.57 1.982 0.0399 0.453
82.7 128.41 1.996 0.0483 0.141
82.03 143.97 0.84 0.0929 0.481
115.68 65.97 0.814 0.0103 0.341
53.98 84.97 0.652 0.0598 0.126
90.32 105.62 0.201 0.0916 0.495
120.7 86.77 0.709 0.0197 0.31
132.85 58.05 0.229 0.0538 0.438
125.03 96.86 1.793 0.0681 0.488
143.0 146.56 1.932 0.0916 0.145
108.72 68.25 1.465 0.0433 0.258
147.27 132.54 1.354 0.097 0.488
100.94 82.97 1.01 0.0744 0.149
118.19 87.22 1.882 0.0658 0.197
127.45 131.66 0.629 0.0358 0.343
118.07 89.12 1.849 0.0457 0.305
130.85 100.23 0.423 0.023 0.409
76.36 111.91 0.946 0.0106 0.421
73.33 135.61 1.835 0.0742 0.144
116.94 142.23 0.287 0.0131 0.121
97.35 50.09 1.919 0.0992 0.15
146.19 58.05 1.002 0.039 0.315
125.23 112.43 0.537 0.0839 0.449
88.88 52.01 1.1 0.0264 0.473
94.29 83.28 1.674 0.09 0.258
89.14 104.04 0.95 0.0993 0.431
94.77 63.71 1.807 0.0571 0.423
126.37 119.06 1.106 0.0987 0.429
145.38 93.76 1.262 0.0609 0.474
121.26 95.15 0.451 0.0913 0.412
64.72 107.79 0.884 0.0971 0.308
92.16 143.0 1.929 0.0927 0.179
92.71 147.72 0.447 0.0796 0.113
126.1 71.64 1.207 0.0412 0.158
133.68 69.14 1.57 0.0912 0.394
142.78 83.44 0.935 0.0606 0.459
106.56 87.17 0.746 0.0178 0.223
113.13 84.91 0.12 0.082 0.499
61.74 82.87 1.703 0.0866 0.225
97.25 84.42 1.449 0.0659 0.34
136.92 66.37 0.631 0.0488 0.166
70.19 73.97 0.223 0.06 0.29
64.19 146.56 0.593 0.0181 0.234
104.08 108.11 0.192 0.0431 0.252
96.73 58.72 1.305 0.0615 0.168
80.69 125.7 1.858 0.0141 0.275
112.46 74.5 1.559 0.069 0.152
75.96 114.63 0.598 0.0421 0.115
55.76 119.31 1.913 0.045 0.194
129.61 54.63 1.129 0.0384 0.341
105.87 138.67 1.224 0.0917 0.289
71.47 116.46 1.645 0.0338 0.492
107.61 111.19 1.022 0.0812 0.248
76.35 66.09 1.984 0.0419 0.451
102.24 149.11 0.929 0.0424 0.436
145.01 61.94 1.99 0.0579 0.314
132.39 115.01 0.6 0.0771 0.206
62.96 107.72 1.473 0.0655 0.494
146.96 84.01 1.554 0.0524 0.101
114.92 59.09 0.258 0.0446 0.422
82.27 91.74 0.964 0.0478 0.368
117.08 123.67 1.483 0.082 0.148
79.38 94.7 1.502 0.0641 0.422
99.16 87.8 0.651 0.0435 0.27
111.51 140.7 1.055 0.0629 0.248
52.99 143.19 1.806 0.0341 0.175
87.6 115.41 0.748 0.0688 0.268
118.52 92.43 1.619 0.0141 0.211
98.08 85.69 1.894 0.0726 0.425
89.75 92.92 1.978 0.0103 0.178
99.92 118.24 1.677 0.0207 0.189
106.59 56.97 0.818 0.0279 0.395
127.58 123.75 0.948 0.0738 0.284
74.78 77.0 0.382 0.0319 0.417
64.6 127.38 0.986 0.0314 0.24
72.26 122.83 0.748 0.0546 0.33
138.23 141.31 0.242 0.0441 0.247
101.91 109.05 0.125 0.0324 0.113
85.14 128.29 0.988 0.0547 0.382
58.21 111.85 1.581 0.026 0.193
146.31 81.38 1.577 0.0268 0.22
119.75 102.63 1.204 0.0603 0.286
80.9 54.35 0.158 0.0922 0.241
122.26 111.47 1.517 0.0729 0.126
86.51 87.1 1.464 0.0856 0.448
133.94 55.28 1.904 0.0351 0.188
106.64 142.43 1.672 0.0991 0.471
53.62 115.49 1.168 0.0545 0.396
142.32 122.98 1.694 0.0345 0.242
103.82 89.83 1.591 0.0253 0.23
90.28 53.68 1.101 0.0528 0.224
82.57 71.54 0.885 0.0845 0.264
138.6 89.46 1.263 0.028 0.142
81.05 87.04 0.334 0.0715 0.21
100.49 131.61 1.445 0.0532 0.38
51.6 134.69 0.701 0.0483 0.266
90.98 127.08 1.83 0.0452 0.372
77.55 59.59 1.921 0.0505 0.376
79.28 135.78 0.529 0.0755 0.478
137.34 51.39 1.424 0.0101 0.2
149.12 59.5 0.429 0.0344 0.431
74.84 92.66 0.851 0.074 0.404
106.85 81.01 0.833 0.0648 0.181
115.1 125.23 0.556 0.0576 0.372
69.53 77.01 1.416 0.0501 0.121
117.65 122.21 0.123 0.0164 0.146
75.09 127.48 0.299 0.0893 0.357
130.22 107.65 1.334 0.0312 0.187
149.21 67.96 0.604 0.0644 0.376
133.68 134.15 0.109 0.0442 0.484
91.09 114.51 1.876 0.0275 0.341
100.67 134.23 1.452 0.037 0.262
147.52 92.88 1.971 0.0196 0.487
59.34 72.24 1.817 0.0942 0.221
59.67 116.14 1.872 0.0326 0.232
104.4 91.22 1.679 0.063 0.252
67.49 60.11 1.003 0.0673 0.478
133.43 85.82 0.649 0.0675 0.306
137.81 104.59 0.755 0.0449 0.218
118.36 70.28 0.622 0.0104 0.31
85.42 132.13 0.448 0.0239 0.209
143.57 115.01 1.604 0.0542 0.176
125.03 72.23 1.831 0.0104 0.356
74.47 84.03 1.807 0.0879 0.233
145.52 83.74 0.957 0.0898 0.465
79.84 103.14 0.83 0.0183 0.18
142.26 144.82 1.381 0.031 0.315
138.62 126.81 1.059 0.0744 0.12
100.7 144.86 0.386 0.0857 0.328
123.76 102.86 0.962 0.0656 0.31
81.91 85.52 1.627 0.0605 0.21
149.5 91.62 1.474 0.0814 0.119
94.85 93.96 1.827 0.0204 0.328
61.21 63.52 0.613 0.0124 0.466
118.17 148.77 0.487 0.0303 0.452
88.02 124.58 0.665 0.0868 0.383
149.13 67.32 1.419 0.059 0.498
90.18 124.38 0.911 0.0717 0.152
110.41 75.97 1.624 0.0749 0.417
136.48 93.68 0.887 0.0611 0.183
141.65 58.83 0.551 0.0321 0.38
81.99 127.24 0.374 0.0289 0.307
100.52 131.63 0.651 0.0121 0.248
94.88 128.69 0.114 0.0387 0.306
51.93 135.11 1.117 0.0736 0.337
133.37 75.31 0.44 0.081 0.393
80.28 147.16 0.51 0.0948 0.413
116.07 138.91 1.909 0.0546 0.143
119.76 79.92 0.812 0.0337 0.43
148.86 144.06 1.124 0.0169 0.243
59.66 78.59 1.308 0.0968 0.496
108.37 64.05 0.628 0.0439 0.322
57.79 122.38 1.054 0.0427 0.469
101.95 90.93 1.685 0.091 0.374
115.82 125.71 1.462 0.0534 0.155
143.31 130.21 1.302 0.072 0.47
52.15 89.77 0.28 0.0908 0.181
67.16 56.74 0.475 0.062 0.496
55.91 128.43 1.438 0.0813 0.226
54.99 58.54 1.371 0.0374 0.222
128.52 56.13 1.634 0.0168 0.42
118.35 83.17 0.714 0.0271 0.151
107.45 100.14 0.5 0.0337 0.316
69.36 104.48 0.819 0.0516 0.47
119.13 137.02 0.533 0.0655 0.105
121.2 94.71 1.691 0.0123 0.161
99.99 82.42 0.575 0.0548 0.387
71.07 88.29 1.949 0.0476 0.315
104.95 109.13 0.769 0.0469 0.215
82.74 116.65 1.341 0.0149 0.228
106.57 110.9 1.031 0.0973 0.479
50.43 105.96 0.957 0.0441 0.375
119.02 63.41 1.848 0.0443 0.323
58.44 90.65 0.968 0.0522 0.34
54.93 65.7 0.703 0.0687 0.365
79.81 66.93 0.903 0.0265 0.174
80.8 110.55 1.175 0.0831 0.425
67.9 60.15 1.144 0.0758 0.189
89.39 138.9 0.891 0.0699 0.223
55.79 93.86 0.215 0.0504 0.461
58.76 84.13 1.069 0.025 0.454
116.97 92.49 0.938 0.0463 0.317
109.91 74.48 1.324 0.0853 0.341
139.15 142.94 0.976 0.0469 0.122
96.49 108.88 0.116 0.0661 0.489
59.81 84.08 0.735 0.0297 0.193
106.36 123.62 0.964 0.0224 0.221
100.95 109.91 0.338 0.0214 0.311
93.05 103.65 1.641 0.0359 0.421
121.68 116.37 1.096 0.0521 0.204
55.52 117.81 1.051 0.0619 0.174
87.41 86.76 0.48 0.0691 0.254
63.15 118.61 1.137 0.0499 0.361
90.64 111.35 0.514 0.0211 0.212
83.15 59.12 0.332 0.0245 0.386
105.14 125.74 0.751 0.0151 0.177
122.12 118.25 1.398 0.0367 0.327
79.39 99.02 0.656 0.026 0.411
149.58 118.36 0.703 0.0223 0.332
72.24 83.89 1.248 0.0153 0.386
144.8 76.94 1.855 0.0838 0.144
103.23 102.12 1.604 0.0831 0.152
146.12 90.68 0.98 0.0555 0.446
145.08 104.57 1.381 0.0929 0.392
149.56 58.76 1.387 0.0556 0.344
127.92 62.0 0.77 0.0912 0.278
66.52 135.04 0.633 0.0215 0.485
95.57 127.19 1.891 0.0242 0.488
104.03 68.31 1.505 0.0583 0.103
96.77 85.08 1.318 0.0963 0.311
87.07 115.12 1.875 0.0767 0.412
52.56 136.21 1.988 0.0474 0.191
70.87 141.94 1.208 0.0608 0.433
139.11 100.2 1.336 0.0329 0.385
76.77 86.15 0.382 0.0332 0.315
135.33 99.54 1.472 0.092 0.325
69.0 75.23 0.719 0.0805 0.338
119.21 98.87 0.16 0.0754 0.308
65.16 115.12 0.954 0.0519 0.139
138.45 129.85 1.337 0.0507 0.405
128.05 77.2 0.86 0.0994 0.273
120.03 66.86 1.739 0.0623 0.392
75.95 82.63 1.988 0.0281 0.405
106.29 62.72 0.408 0.0804 0.141
60.2 52.56 1.388 0.0217 0.371
85.67 94.26 1.643 0.0176 0.149
87.23 103.66 0.278 0.0957 0.293
147.8 93.71 1.024 0.0658 0.425
92.3 73.05 1.171 0.0529 0.123
114.84 105.36 1.647 0.0152 0.184
128.36 53.66 1.152 0.0383 0.481
109.76 79.02 1.745 0.0787 0.189
50.75 141.41 0.263 0.0106 0.268
97.05 50.81 0.103 0.0396 0.227
51.58 144.45 1.45 0.0738 0.34
138.0 136.06 1.344 0.0384 0.401
51.54 83.47 0.455 0.0259 0.482
60.74 132.36 1.138 0.0988 0.443
90.63 122.87 1.925 0.0405 0.426
87.71 112.76 1.914 0.0254 0.257
88.72 77.47 1.451 0.0703 0.498
67.08 106.29 0.182 0.0937 0.188
123.64 83.09 0.726 0.0303 0.385
146.44 119.91 0.615 0.0618 0.471
136.99 122.71 1.177 0.029 0.428
64.07 63.03 1.824 0.0335 0.41
103.63 70.64 0.543 0.0856 0.275
64.94 91.89 0.62 0.0243 0.324
139.79 85.07 0.998 0.0689 0.362
98.09 100.07 0.532 0.097 0.23
109.28 147.8 0.241 0.098 0.189
87.09 113.75 0.675 0.0543 0.202
51.23 143.63 1.485 0.0745 0.181
115.88 68.44 0.326 0.028 0.455
83.68 106.94 1.867 0.0407 0.295
63.33 59.78 0.161 0.0818 0.317
85.09 114.4 1.929 0.0365 0.382
61.27 122.38 0.818 0.0595 0.395
147.58 69.85 1.835 0.0772 0.405
83.57 74.64 1.38 0.084 0.151
91.08 52.78 0.899 0.0892 0.254
56.32 67.29 1.42 0.0835 0.483
142.01 119.18 0.669 0.0379 0.369
112.02 68.08 0.306 0.0181 0.241
89.22 132.71 0.606 0.0885 0.136
72.16 147.96 1.348 0.0878 0.227
88.97 104.29 1.99 0.0535 0.121
128.98 94.61 0.294 0.0697 0.466
113.79 149.37 0.239 0.0166 0.4
138.51 141.8 1.312 0.033 0.179
135.96 116.12 1.911 0.0558 0.133
115.91 59.58 1.151 0.0874 0.477
147.01 77.69 0.727 0.0453 0.435
145.57 68.25 0.893 0.0512 0.272
133.55 53.91 1.602 0.0214 0.274
51.46 133.58 0.492 0.0125 0.203
67.87 63.77 0.418 0.0545 0.329
140.4 119.06 1.217 0.015 0.433
113.24 112.87 0.307 0.0652 0.389
81.48 83.81 0.699 0.0833 0.458
57.17 81.07 0.722 0.048 0.213
149.35 146.55 0.543 0.0441 0.215
132.67 94.37 0.762 0.0506 0.317
122.88 112.95 0.572 0.0961 0.324
81.39 139.22 1.401 0.0627 0.191
76.01 127.25 0.69 0.0252 0.277
60.51 83.47 0.302 0.0449 0.156
134.07 64.82 1.315 0.0247 0.392
110.48 70.97 0.387 0.0854 0.293
91.49 109.76 0.937 0.0164 0.376
76.08 143.83 0.629 0.0385 0.236
52.7 141.27 0.463 0.0994 0.258
122.43 82.11 0.757 0.0403 0.365
107.54 137.81 1.064 0.0442 0.256
85.54 115.79 1.211 0.0865 0.366
117.1 149.52 0.59 0.0597 0.309
59.9 112.3 1.19 0.0228 0.371
137.0 123.48 0.677 0.0731 0.125
80.27 147.41 0.953 0.0554 0.436
102.91 115.87 0.527 0.087 0.49
141.35 118.76 0.776 0.0908 0.37
116.63 112.71 0.204 0.0846 0.201
135.85 135.45 1.196 0.0428 0.36
82.05 86.4 1.222 0.0358 0.146
145.69 55.23 0.637 0.0853 0.483
115.76 75.69 1.246 0.0943 0.444
141.86 80.4 1.607 0.0541 0.459
129.11 84.64 0.223 0.0135 0.434
108.14 139.26 1.785 0.0986 0.369
73.54 82.09 0.497 0.0608 0.226
120.61 143.75 0.157 0.0912 0.439
53.29 96.77 0.827 0.0894 0.279
103.3 71.31 0.618 0.0845 0.256
50.38 52.38 0.655 0.0838 0.183
54.51 106.06 1.728 0.0775 0.384
98.28 113.35 0.858 0.0871 0.278
131.46 88.01 0.586 0.0662 0.293
135.4 86.21 1.7 0.019 0.364
91.72 100.31 1.184 0.0114 0.381
137.6 55.2 0.185 0.0696 0.457
136.07 140.05 0.265 0.0455 0.124
133.7 82.07 0.131 0.0557 0.287
61.44 85.03 1.1 0.0594 0.114
51.05 125.61 1.716 0.0346 0.294
72.6 140.02 0.114 0.0669 0.479
114.47 110.33 1.745 0.071 0.387
147.29 87.63 0.67 0.0269 0.169
131.6 125.29 1.764 0.0642 0.354
136.79 63.83 1.729 0.0268 0.464
102.65 127.98 1.597 0.0567 0.368
79.67 105.79 1.5 0.0173 0.417
142.18 146.38 1.104 0.0253 0.211
96.21 129.49 0.912 0.0594 0.38
135.84 143.21 1.744 0.0528 0.358
114.93 85.34 1.616 0.0466 0.234
86.34 57.44 1.817 0.0183 0.4
144.37 116.4 0.11 0.0852 0.124
121.92 75.29 0.283 0.0117 0.244
75.09 148.54 0.322 0.0332 0.239
149.45 142.64 0.84 0.0318 0.212
94.57 118.27 0.259 0.0969 0.234
75.65 82.28 1.23 0.0572 0.127
118.74 92.45 1.622 0.0616 0.111
55.73 57.98 0.502 0.0222 0.487
138.18 147.03 1.505 0.0973 0.195
68.93 121.76 1.52 0.0468 0.331
109.73 86.59 0.505 0.0831 0.153
57.42 58.04 1.984 0.0578 0.292
99.44 88.32 1.76 0.0722 0.217
106.01 86.21 0.59 0.0669 0.196
126.27 88.12 0.4 0.0338 0.219
139.36 79.6 1.131 0.0953 0.321
88.63 99.45 1.919 0.0535 0.359
59.47 133.4 1.017 0.0365 0.408
124.41 70.23 1.476 0.0825 0.214
114.09 137.78 1.423 0.0193 0.449
70.6 134.39 0.927 0.0578 0.172
146.06 97.54 0.108 0.0484 0.415
112.43 121.0 0.611 0.0492 0.176
129.79 148.61 1.265 0.0407 0.351
136.5 92.11 0.217 0.094 0.167
101.88 134.52 0.811 0.0811 0.387
125.11 62.9 0.94 0.0691 0.237
87.1 116.11 1.261 0.0571 0.293
88.95 77.42 0.641 0.0676 0.459
135.09 57.44 0.309 0.0699 0.406
50.83 146.9 0.681 0.0711 0.319
89.12 57.53 0.328 0.0699 0.457
79.07 132.83 1.803 0.0831 0.176
54.77 142.48 0.18 0.0884 0.39
96.74 76.54 1.563 0.0165 0.203
50.93 106.84 1.276 0.0855 0.446
82.31 92.53 0.654 0.0968 0.347
115.08 71.75 0.568 0.0293 0.389
99.1 129.48 0.763 0.0898 0.135
130.9 148.83 0.469 0.0717 0.232
148.64 76.23 0.184 0.0339 0.464
140.3 110.33 0.578 0.0659 0.392
122.03 51.95 0.654 0.0162 0.351
94.04 131.49 1.105 0.0237 0.203
98.08 133.63 0.239 0.0251 0.319
63.69 102.47 0.383 0.0574 0.183
100.57 122.38 0.765 0.0856 0.3
93.08 71.5 0.982 0.0602 0.218
125.68 118.08 1.276 0.0649 0.305
86.31 99.5 1.04 0.0726 0.29
115.17 55.22 1.157 0.0282 0.414
60.7 66.73 1.837 0.0522 0.266
133.15 143.88 1.542 0.0415 0.395
115.49 135.65 0.993 0.0237 0.257
119.25 119.45 0.354 0.0581 0.205
67.03 119.74 1.335 0.0809 0.242
130.03 53.69 1.923 0.0206 0.282
70.7 51.05 1.164 0.023 0.176
108.64 108.92 1.982 0.0149 0.224
142.27 130.54 1.044 0.0171 0.391
123.03 145.97 1.864 0.0922 0.173
143.22 133.4 0.173 0.0915 0.128
76.3 54.05 0.158 0.0527 0.388
145.68 122.64 1.524 0.0422 0.485
54.12 136.4 0.733 0.0214 0.288
80.04 53.17 0.344 0.0267 0.362
113.95 57.95 0.469 0.0614 0.446
74.96 132.68 1.532 0.0531 0.383
103.97 147.42 0.139 0.0991 0.498
148.38 95.57 0.191 0.0732 0.268
143.47 111.51 1.333 0.0971 0.117
64.8 93.68 0.915 0.042 0.499
102.3 88.67 0.176 0.0809 0.384
69.36 142.54 0.705 0.0746 0.315
51.61 80.71 0.621 0.0195 0.203
65.12 113.56 0.887 0.0194 0.446
98.2 98.81 1.7 0.0705 0.184
79.05 50.39 0.705 0.0576 0.399
81.0 118.32 1.116 0.075 0.367
90.54 78.82 0.763 0.0907 0.158
132.89 140.65 0.691 0.0297 0.186
54.72 134.77 1.949 0.0853 0.331
71.72 96.23 1.715 0.0798 0.219
135.84 104.31 0.586 0.0782 0.284
149.82 59.09 1.856 0.0765 0.249
104.58 82.19 0.244 0.0307 0.446
123.89 79.34 1.053 0.0241 0.186
85.24 86.69 1.56 0.0259 0.496
105.68 83.32 0.782 0.0163 0.271
133.78 58.77 1.579 0.0535 0.172
119.35 149.24 1.977 0.0189 0.445
89.91 98.29 1.692 0.0862 0.167
133.26 129.58 1.678 0.0171 0.218
141.43 91.2 0.562 0.0346 0.332
88.98 135.21 0.45 0.0932 0.42
108.68 55.05 1.409 0.0887 0.318
86.74 145.04 1.33 0.0838 0.113
101.37 58.71 1.287 0.0803 0.231
76.38 149.7 1.566 0.0141 0.105
69.1 97.52 1.148 0.0961 0.101
73.0 142.87 1.234 0.0737 0.368
62.26 126.33 0.177 0.019 0.497
149.36 110.09 1.72 0.0702 0.262
125.94 65.26 1.622 0.0236 0.211
142.04 76.55 1.257 0.097 0.428
130.35 65.6 0.92 0.0754 0.338
71.65 146.91 0.598 0.0429 0.452
59.21 133.71 0.239 0.0946 0.264
106.89 118.85 0.272 0.0121 0.349
65.66 54.61 1.28 0.0585 0.254
97.2 126.09 1.382 0.0666 0.405
147.88 92.92 1.688 0.0827 0.147
76.41 70.81 0.943 0.0435 0.37
76.91 52.5 1.696 0.045 0.121
139.79 122.2 0.431 0.072 0.274
89.87 97.35 0.406 0.0892 0.495
85.47 67.04 0.25 0.026 0.29
88.27 114.44 1.713 0.0839 0.201
94.4 91.39 0.279 0.0277 0.455
149.08 95.16 1.483 0.0692 0.358
98.58 67.7 1.367 0.012 0.148
118.9 102.12 1.348 0.0948 0.459
111.41 109.4 0.318 0.0841 0.287
97.17 81.98 1.387 0.0429 0.459
138.37 96.72 1.412 0.0125 0.109
103.02 144.91 1.199 0.0154 0.485
108.96 102.68 0.841 0.0679 0.172
55.87 83.01 1.18 0.0884 0.255
53.81 107.47 1.149 0.0945 0.409
128.83 130.79 1.311 0.0824 0.198
58.87 116.57 1.478 0.0874 0.394
64.23 106.78 0.131 0.0238 0.441
122.18 70.99 1.674 0.0598 0.141
61.91 88.44 1.364 0.0202 0.127
133.39 118.39 1.074 0.0141 0.231
114.63 63.72 0.274 0.0551 0.157
136.07 130.51 1.541 0.0438 0.194
134.68 101.1 1.727 0.0887 0.445
60.3 141.38 1.689 0.091 0.228
78.33 56.28 0.625 0.0884 0.191
75.28 74.43 1.06 0.0576 0.49
112.68 55.02 0.419 0.053 0.25
95.24 55.74 1.837 0.0425 0.493
146.22 113.03 0.167 0.0233 0.46
52.87 64.36 1.023 0.0767 0.129
132.12 113.74 1.514 0.0748 0.156
89.18 77.34 0.859 0.0467 0.138
147.08 89.84 1.513 0.0348 0.187
98.08 79.94 0.926 0.0346 0.355
78.37 131.94 0.104 0.062 0.485
74.81 89.73 1.746 0.0236 0.177
58.44 108.7 1.516 0.0804 0.124
61.1 115.39 0.62 0.045 0.136
130.06 79.33 0.91 0.0561 0.477
81.23 131.83 1.923 0.0886 0.136
74.86 55.79 1.425 0.083 0.467
68.45 86.08 1.441 0.0586 0.214
110.44 84.57 0.646 0.0367 0.189
89.39 62.39 1.956 0.02 0.487
85.83 88.15 1.392 0.0985 0.488
64.38 127.92 0.754 0.0411 0.297
125.56 57.07 1.048 0.0523 0.321
80.87 74.22 1.753 0.0777 0.142
80.14 68.03 1.828 0.0421 0.103
59.08 141.81 0.703 0.0942 0.428
92.45 62.3 1.172 0.0255 0.475
129.93 109.98 0.409 0.0289 0.205
67.02 53.64 1.827 0.0464 0.239
57.38 109.08 0.345 0.0658 0.227
128.14 85.39 0.722 0.0114 0.318
132.65 55.15 1.624 0.0705 0.445
124.4 64.3 0.277 0.0802 0.231
85.55 81.82 1.685 0.0738 0.491
146.31 58.28 1.147 0.0299 0.126
98.89 57.21 0.731 0.0775 0.245
68.76 109.97 1.187 0.0388 0.258
89.62 78.79 0.644 0.0848 0.186
53.25 126.05 1.598 0.0271 0.199
55.52 52.33 0.111 0.0478 0.35
85.79 145.1 0.762 0.0282 0.169
83.41 110.06 1.051 0.052 0.376
51.17 104.22 0.725 0.068 0.424
110.95 114.47 1.869 0.0244 0.169
116.72 142.05 0.499 0.0774 0.251
55.44 54.64 1.068 0.0907 0.24
65.65 128.66 1.492 0.0194 0.405
92.76 134.95 0.137 0.041 0.327
88.47 113.53 1.279 0.0168 0.43
89.42 116.13 1.828 0.0427 0.382
121.12 130.26 1.208 0.095 0.126
108.38 110.62 1.155 0.0287 0.111
66.73 128.8 1.385 0.0245 0.458
142.91 117.06 0.27 0.0213 0.453
89.7 81.31 1.694 0.0889 0.475
123.68 60.52 1.104 0.076 0.162
104.73 93.01 0.603 0.0749 0.481
81.68 57.62 1.005 0.074 0.373
105.11 61.15 0.384 0.0535 0.375
138.47 120.11 1.844 0.0361 0.129
66.64 75.55 1.666 0.0517 0.499
61.99 117.23 1.246 0.0913 0.485
149.63 61.6 1.255 0.0901 0.47
116.03 94.52 0.559 0.0678 0.497
105.56 53.88 0.879 0.0727 0.169
93.07 148.41 1.559 0.0944 0.309
122.39 66.41 1.193 0.0811 0.153
62.21 91.97 1.107 0.0479 0.109
109.97 87.39 0.292 0.0431 0.131
83.31 98.3 0.314 0.0981 0.271
85.51 141.9 0.111 0.0652 0.366
81.41 134.9 0.152 0.071 0.421
130.52 87.09 1.81 0.0495 0.475
107.75 114.44 0.774 0.0365 0.206
141.47 81.84 1.861 0.0137 0.207
144.15 77.77 1.396 0.0295 0.351
83.78 95.72 0.181 0.0423 0.121
131.58 85.28 1.965 0.021 0.367
84.0 82.99 1.588 0.0287 0.123
88.44 142.61 0.967 0.0464 0.452
56.01 137.13 1.647 0.0459 0.499
148.33 95.21 1.068 0.0297 0.122
123.32 61.58 0.731 0.0129 0.192
111.63 123.04 0.839 0.0699 0.469
93.05 81.39 0.711 0.0621 0.341
145.7 92.86 1.1 0.0236 0.296
85.18 57.61 0.718 0.0509 0.301
84.99 77.34 1.037 0.0243 0.11
112.23 123.37 1.604 0.0949 0.253
71.12 94.95 0.665 0.013 0.309
66.87 112.92 1.863 0.0436 0.168
144.61 138.39 1.945 0.0612 0.338
141.35 131.17 1.258 0.0607 0.483
61.47 149.97 0.53 0.0101 0.358
56.87 57.17 0.901 0.0344 0.488
64.58 52.69 0.727 0.0881 0.42
146.87 95.16 1.818 0.0845 0.283
119.37 50.78 1.36 0.0748 0.227
139.35 147.04 1.107 0.0838 0.135
113.03 102.92 0.646 0.0961 0.459
110.65 55.83 1.552 0.092 0.32
98.96 127.23 1.159 0.0419 0.26
140.85 50.61 0.339 0.0229 0.365
120.02 77.91 1.455 0.0285 0.26
76.54 94.4 1.99 0.0829 0.483
118.79 51.73 0.632 0.0719 0.48
136.63 86.99 0.716 0.0694 0.341
62.86 113.64 0.889 0.072 0.102
144.05 128.2 0.27 0.0383 0.18
119.56 135.65 0.175 0.0307 0.215
93.59 137.02 1.529 0.0386 0.462
71.31 69.4 1.1 0.0519 0.135
144.79 115.23 1.849 0.0207 0.485
133.86 119.31 1.643 0.0229 0.398
82.77 140.37 0.647 0.0982 0.426
56.11 120.27 0.678 0.0169 0.466
136.94 75.27 0.568 0.0619 0.369
128.12 96.59 1.097 0.0927 0.194
139.98 110.96 0.533 0.0383 0.112
144.24 135.67 0.767 0.09 0.454
65.07 101.11 0.482 0.0298 0.129
85.94 128.09 0.316 0.0102 0.499
78.45 125.55 1.719 0.0272 0.349
123.9 50.36 0.66 0.0206 0.293
87.05 87.47 1.888 0.0143 0.442
91.69 82.54 0.48 0.0374 0.235
69.09 112.66 0.117 0.0621 0.431
78.22 135.96 0.852 0.0376 0.36
75.44 101.64 1.639 0.0353 0.149
81.95 132.86 1.88 0.0384 0.128
60.51 148.45 1.538 0.0885 0.422
75.92 143.67 0.682 0.055 0.149
111.76 104.78 0.794 0.0812 0.396
110.73 108.14 1.966 0.0788 0.294
77.14 67.64 1.551 0.0176 0.291
100.65 70.15 1.026 0.0327 0.402
142.6 143.81 1.084 0.0717 0.42
146.04 120.89 0.593 0.0704 0.419
125.59 53.0 1.77 0.0655 0.245
70.69 81.67 1.286 0.0835 0.498
59.08 114.31 1.227 0.0927 0.43
80.41 58.5 1.601 0.015 0.162
141.23 83.05 1.788 0.0312 0.383
63.84 119.08 0.343 0.0533 0.452
76.1 67.61 1.31 0.0505 0.272
80.5 117.49 0.655 0.0435 0.444
139.57 85.38 0.23 0.0416 0.475
86.63 120.65 0.53 0.0908 0.47
121.86 132.02 1.675 0.0423 0.103
140.79 116.03 0.499 0.091 0.349
63.11 83.16 0.76 0.0768 0.253
104.85 133.99 0.229 0.0439 0.405
130.84 113.25 0.596 0.0554 0.217
148.09 98.61 0.645 0.0806 0.149
146.17 68.24 1.346 0.0403 0.309
116.72 147.32 1.373 0.0613 0.101
76.56 102.52 0.35 0.0339 0.203
132.2 128.64 1.799 0.0688 0.186
71.81 65.17 1.48 0.0431 0.473
65.26 110.05 1.691 0.0359 0.426
85.42 88.93 0.492 0.0964 0.111
127.18 59.21 1.697 0.0384 0.36
71.86 71.17 1.989 0.0624 0.474
61.09 110.27 0.371 0.0543 0.168
94.38 145.94 0.764 0.0528 0.387
100.95 107.7 1.233 0.0957 0.128
71.3 85.09 1.341 0.0889 0.133
103.16 92.13 0.611 0.0982 0.293
89.38 146.4 1.589 0.0779 0.109
103.36 122.08 1.413 0.0105 0.423
118.55 100.27 0.795 0.0376 0.138
121.7 143.1 1.799 0.0922 0.302
51.42 65.44 0.295 0.0253 0.165
132.19 119.74 0.86 0.0724 0.431
147.55 58.18 0.6 0.0215 0.247
59.02 61.88 0.444 0.0258 0.304
93.41 53.54 1.13 0.0316 0.452
64.82 105.7 1.982 0.0213 0.212
64.22 122.53 0.243 0.0814 0.476
115.37 57.35 1.585 0.0399 0.248
121.52 95.86 1.066 0.0754 0.349
112.6 120.73 0.322 0.0297 0.323
149.38 133.65 1.617 0.0579 0.196
88.73 112.38 1.12 0.0509 0.416
90.15 61.6 0.287 0.0471 0.197
61.3 140.57 1.52 0.0674 0.477
64.11 128.2 0.219 0.0423 0.399
149.75 97.46 1.599 0.0123 0.351
53.53 140.08 0.297 0.079 0.253
122.18 96.05 0.576 0.0619 0.475
87.6 127.95 1.222 0.0214 0.299
126.96 145.93 0.878 0.0237 0.383
149.0 104.76 0.125 0.0227 0.197
77.24 56.47 1.961 0.0708 0.428
64.14 143.73 1.53 0.0681 0.127
148.23 61.92 0.669 0.0765 0.214
113.08 114.91 1.92 0.0593 0.117
56.32 117.64 0.22 0.0576 0.237
78.13 127.11 0.458 0.0554 0.239
133.12 58.37 1.271 0.0156 0.264
119.79 95.37 1.545 0.0576 0.212
83.43 63.37 1.803 0.077 0.117
87.52 120.12 1.77 0.0927 0.465
69.81 96.03 0.657 0.0992 0.461
139.61 139.05 0.563 0.0769 0.109
68.11 61.14 1.93 0.0993 0.428
128.02 133.58 1.71 0.0163 0.403
51.08 129.65 1.06 0.0728 0.46
76.07 73.83 0.852 0.0148 0.422
82.61 50.56 1.424 0.0133 0.377
86.01 123.27 0.404 0.0445 0.214
107.6 146.87 1.639 0.0357 0.192
69.42 143.8 1.638 0.0779 0.372
145.97 119.78 1.712 0.0711 0.161
69.03 123.73 1.797 0.0461 0.108
132.49 76.05 1.139 0.0556 0.353
52.53 125.04 1.861 0.0529 0.16
83.59 91.02 1.912 0.081 0.488
105.97 136.93 0.243 0.019 0.26
120.75 144.37 0.214 0.0179 0.323
143.99 110.06 0.319 0.0787 0.116
61.71 62.64 0.176 0.0621 0.145
70.05 73.79 0.153 0.073 0.439
63.75 60.85 1.422 0.0963 0.407
56.89 136.48 1.441 0.092 0.468
64.03 50.65 1.512 0.0129 0.478
91.17 72.63 1.717 0.0401 0.188
139.05 73.1 0.458 0.0303 0.16
71.06 149.53 0.378 0.0227 0.471
96.15 139.19 0.449 0.0402 0.34
120.33 141.8 0.66 0.0818 0.314
78.69 143.84 0.897 0.0928 0.469
91.24 88.26 1.144 0.0427 0.33
54.86 140.58 0.667 0.0954 0.496
87.21 79.85 0.732 0.0353 0.356
83.54 116.91 1.524 0.0994 0.285
94.02 83.99 0.464 0.0897 0.206
143.24 85.05 1.885 0.0902 0.236
121.12 110.96 1.078 0.0421 0.336
109.21 61.8 1.443 0.0953 0.476
59.01 98.58 0.605 0.0769 0.457
120.2 113.47 0.121 0.0405 0.467
139.57 68.47 1.228 0.0343 0.347
141.52 143.63 0.429 0.085 0.428
138.56 123.6 0.819 0.0827 0.226
102.27 127.94 1.404 0.0482 0.292
117.93 56.93 1.667 0.0746 0.258
83.42 66.82 0.437 0.0456 0.452
58.02 79.19 0.908 0.0201 0.45
137.88 69.49 0.48 0.0222 0.424
56.74 120.19 1.35 0.0668 0.499
120.01 146.85 1.83 0.0789 0.439
87.78 127.05 0.95 0.0339 0.345
58.08 146.04 0.771 0.091 0.295
67.39 107.98 0.193 0.0963 0.224
140.14 143.54 1.339 0.0414 0.231
133.15 105.72 0.151 0.0645 0.159
110.29 128.08 1.465 0.0274 0.205
57.41 66.7 0.968 0.0541 0.461
142.55 148.34 0.719 0.0335 0.149
100.33 146.65 1.353 0.0292 0.435
129.97 54.23 0.144 0.0955 0.207
82.27 100.15 1.698 0.0274 0.382
77.04 147.57 1.573 0.0683 0.33
138.5 126.59 1.469 0.0691 0.297
97.21 97.79 0.994 0.0212 0.287
89.65 142.8 0.63 0.0906 0.467
113.4 111.84 1.738 0.0807 0.234
111.21 91.22 1.684 0.0806 0.102
146.28 133.85 1.66 0.0386 0.246
100.39 50.3 0.197 0.0255 0.33
130.47 97.48 1.462 0.068 0.384
118.08 117.15 1.823 0.083 0.369
51.49 81.66 0.216 0.0706 0.22
53.35 62.88 1.652 0.0631 0.187
71.51 100.02 1.872 0.0506 0.246
133.19 92.2 0.133 0.0227 0.425
81.09 137.76 0.964 0.0745 0.251
118.17 88.2 1.066 0.0827 0.458
132.56 67.68 1.611 0.0313 0.249
126.78 63.56 1.003 0.0544 0.395
115.48 50.34 1.547 0.047 0.357
112.88 50.22 0.566 0.0864 0.262
84.52 134.41 1.599 0.0324 0.121
50.76 122.68 1.426 0.0139 0.36
133.97 56.18 1.438 0.0961 0.229
85.21 50.38 1.165 0.0194 0.449
74.91 120.67 1.107 0.02 0.145
54.65 54.63 1.922 0.0526 0.45
121.62 97.77 0.42 0.0478 0.335
145.87 65.86 0.119 0.0226 0.357
147.61 107.95 0.51 0.0347 0.371
52.71 139.26 0.211 0.0209 0.157
67.1 123.89 1.71 0.041 0.264
147.44 140.32 1.25 0.0596 0.121
111.28 86.18 1.543 0.0218 0.383
82.84 98.42 1.099 0.0414 0.173
103.18 71.91 0.837 0.0286 0.233
101.91 54.99 1.996 0.0957 0.474
100.84 74.17 1.385 0.0928 0.329
136.62 129.02 1.655 0.0325 0.327
148.65 98.95 0.737 0.017 0.385
65.9 149.47 1.564 0.0827 0.491
115.12 84.56 0.657 0.0332 0.466
54.83 111.14 1.897 0.0464 0.479
70.46 80.51 1.934 0.0274 0.369
73.22 79.41 0.12 0.0512 0.373
61.66 134.72 1.723 0.0117 0.314
57.26 56.61 1.77 0.0259 0.179
62.8 100.64 1.816 0.0482 0.422
50.74 129.55 1.947 0.0587 0.483
89.05 80.09 1.941 0.0396 0.288
69.45 135.94 1.061 0.0282 0.344
57.78 119.2 1.995 0.0998 0.325
123.84 83.79 0.803 0.0659 0.258
119.48 144.35 1.687 0.0556 0.445
93.1 137.2 1.632 0.0383 0.141
87.68 95.3 1.795 0.0761 0.411
145.01 87.26 1.832 0.0581 0.128
136.67 134.98 0.905 0.0334 0.498
74.68 136.85 0.687 0.0754 0.421
74.15 148.12 1.365 0.0227 0.22
62.22 66.98 0.863 0.0431 0.366
145.25 110.18 0.308 0.0887 0.21
122.37 135.7 1.362 0.084 0.152
61.36 92.57 1.749 0.0571 0.341
127.76 128.62 1.427 0.0567 0.28
79.4 148.89 1.76 0.0116 0.146
79.7 60.94 0.84 0.0616 0.398
57.55 108.49 1.879 0.0228 0.24
64.63 60.12 0.651 0.025 0.295
113.44 135.8 1.548 0.02 0.281
127.99 105.5 0.909 0.0492 0.25
118.58 72.39 1.936 0.0298 0.372
149.48 50.45 1.656 0.0202 0.4
53.09 125.0 0.395 0.0429 0.219
125.87 65.1 0.685 0.0663 0.435
106.49 142.75 1.11 0.0371 0.257
137.2 103.71 0.587 0.0561 0.169
88.9 107.28 0.912 0.0549 0.329
56.77 62.21 1.555 0.0231 0.119
93.45 125.49 1.736 0.0909 0.188
97.81 53.32 0.585 0.0722 0.27
53.83 113.1 1.607 0.082 0.299
137.14 63.95 0.667 0.0421 0.238
78.88 140.73 0.376 0.0651 0.376
116.95 136.68 1.257 0.0821 0.337
86.77 119.82 1.911 0.0803 0.457
98.63 51.59 1.767 0.0472 0.229
97.43 127.8 0.528 0.0411 0.206
104.95 83.93 0.226 0.095 0.351
97.24 86.49 1.1 0.0916 0.406
70.63 76.33 0.602 0.0196 0.318
72.5 106.2 0.151 0.0417 0.375
60.81 55.24 0.824 0.034 0.17
50.72 59.63 0.597 0.0898 0.297
53.84 65.65 1.489 0.0584 0.245
120.14 128.74 0.191 0.0907 0.276
94.82 133.02 0.631 0.0146 0.123
82.1 87.65 1.385 0.0814 0.317
114.95 107.97 1.355 0.0526 0.197
126.59 55.21 1.482 0.0933 0.205
106.49 58.83 1.467 0.0867 0.215
130.43 70.66 1.451 0.0657 0.254
99.64 53.37 1.125 0.0541 0.419
59.41 95.3 1.359 0.0973 0.129
136.48 139.99 1.959 0.0608 0.105
89.69 71.02 1.401 0.0806 0.2
117.24 80.98 0.518 0.0804 0.347
105.39 130.32 0.747 0.0962 0.272
132.42 51.5 1.579 0.0165 0.286
92.1 122.09 0.877 0.0786 0.262
74.91 143.74 1.834 0.0606 0.419
78.22 118.27 1.773 0.0809 0.302
98.71 84.28 1.72 0.0321 0.283
137.33 123.63 0.251 0.045 0.481
80.58 134.16 0.717 0.0624 0.128
105.61 75.74 0.418 0.0274 0.481
103.66 121.88 0.209 0.0193 0.394
72.3 71.63 1.584 0.0824 0.423
93.31 139.59 0.39 0.087 0.132
116.94 85.77 1.094 0.0476 0.477